0
-0.0279,
  0.7561,
  2.7906,
  3.1734,
  3.5859,
  4.4157,
  None,
  None
{0.985223,0.0186}

15
 0.0672,
  0.7681,
  2.8038,
  3.1699,
  3.5907,
  4.4045,
  None,
  None
{1.003435,-0.0445}
  
  20
 -0.0036,
  0.7688,
  2.7630,
  3.1458,
  3.5708,
  4.3544,
 None,
 None
{1.001980,-0.0067}

1
  0.3990,
  0.8179,
  2.7443,
  3.1712,
  3.5802,
  4.3950,
  5.3243,
  None
{1.045362,-0.2184}


  6
   None,
None,
  2.9000,
  3.2463,
  3.6500,
  4.4230,
  5.3474,
  5.5910,
  {1.036781,-0.2635}


  11
   None,
  0.976,
  2.6017,
  3.2964,
  3.6844,
  4.5497,
  5.429,
  5.56,
  {1.008770,-0.1561}


  16
    0.0674,
  0.7990,
  2.8351,
  3.2157,
  3.6211,
  4.4449,
  5.3923,
  5.5792,
  {0.988451,-0.0432}


  21
  -0.0469,
  0.7328,
  2.7648,
  3.1016,
  3.4960,
  4.3567,
  5.2666,
  5.4412,
  {0.995145,0.0398}


  26
   -0.0876,
  0.7149,
  2.7474,
  3.0821,
  3.4709,
  4.3136,
  5.2339,
  5.4018,
  {0.996624,0.0645}

  7
   0.1684,
  0.9222,
  2.9335,
  3.2820,
  3.6692,
  4.5247,
  5.3937,
  5.5499

  12
  0.2121,
  0.8924,
  2.9348,
  3.2623,
  3.6574,
  4.3385,
  5.3620,
  5.5592

  17
   -0.0262,
  0.8841,
  2.9000,
  3.2240,
  3.6242,
  4.4556,
  5.3891,
  5.5464

  22
   0.0095,
  0.8104,
  2.7478,
  3.1322,
  3.5259,
  4.2979,
  5.2653,
  5.4615

  27

 -0.1000,
  0.6173,
  2.7000,
  3.0400,
  3.4051,
  4.2261,
  5.2055,
  5.4000

  3
   3.2414,
  3.6626,
  5.3981,
  5.5793,
  8.2908

  13
   3.1443,
  3.5259,
  5.3689,
  5.5458,
  8.1361

  23
  3.1463,
  3.5492,
  5.3080,
  5.4845,
  8.1248

  28
  3.0612,
  3.4724,
  5.2188,
  5.4056,
  8.1466

  4
  3.1836,
  3.6512,
  5.4000,
  5.6000,
  9.2416

  14
  3.2905,
  3.6673,
  5.4000,
  5.5997,
  9.1733

19
  3.2162,
  3.5947,
  5.3581,
  5.5129,
  9.1875

  24
  3.0743,
  3.4956,
  5.2500,
  5.4440,
  9.1794

  29
  3.0835,
  3.5059,
  5.2772,
  5.4807,
  9.0770


