 	-1     0.0
 	-1     0.0
  -1     0.0
  -1     0.0
           -1	 1.000000
           
  680.3281794	   0.2271510
  660.2514016	   0.2264215
  680.3281636	   0.1779100
  669.1925974	   0.1412654
           -1	 1.000000
           
  690.5193319	   0.1658394
           -1	 0.000000
  687.9691811	   0.2992216
  744.9471658	   0.2900107
            -1	 0.0
  
  666.2305905	   0.2418964
  673.9058856	   0.2970040
  701.1183052	   0.2435133
  673.9058702	   0.2109385
  687.9691811	   0.2992216
 
  673.9058702	   0.4691348
  738.9982397	   0.5139777
  716.1927691	   0.5876902
  887.7555167	   1.4899449
  725.3480396	   0.7049857
  
  683.6343345	   0.1575122
  715.2346393	   0.2228411
  696.7180981	   0.2700179
  736.5467881	   0.2347279
           -1 	 1.000000
