//Ex   relative_xsec   SF   sigma_in_MeV
//<--- use "//" for line comment
0.000    1.0     1.0     0.0400
2.000    1.0     1.0     0.0400
4.000    1.0     1.0     0.0400
6.000    1.0     1.0     0.0400
8.000    1.0     1.0     0.0400
8.563   1.0     1.0     0.0400
9.186   1.0     1.0     0.0400
9.272   1.0     1.0     0.0400
10.31   1.0     1.0     0.0400
11.4  1.0     1.0     0.0400
11.600    1.0     1.0     0.0400
//4.400    1.0     1.0     0.0100
//4.600    1.0     1.0     0.0100
#============_End_of_file
