#208Pb(d,p)209Pb(9/2+ 0.000) ELAB= 15.000
#208Pb(d,p)209Pb(11/2+ 0.000) ELAB= 15.000
#208Pb(d,p)209Pb(15/2- 0.000) ELAB= 15.000
#208Pb(d,p)209Pb(5/2+ 0.000) ELAB= 15.000
#208Pb(d,p)209Pb(1/2+ 0.000) ELAB= 15.000
#208Pb(d,p)209Pb(7/2+ 0.000) ELAB= 15.000
#208Pb(d,p)209Pb(3/2+ 0.000) ELAB= 15.000
   Angel	  Ex=0.000(1g9/2)AK Ex=0.000(0i11/2)AK Ex=0.000(0j15/2)AK  Ex=0.000(2d5/2)AK  Ex=0.000(3s1/2)AK  Ex=0.000(1g7/2)AK  Ex=0.000(2d3/2)AK
   1.000	           0.383210           0.044894           0.018756           4.666500           0.627860           0.253190           3.013000
   2.000	           0.384760           0.045151           0.018658           4.662300           0.651390           0.254650           3.009400
   3.000	           0.387530           0.045574           0.018498           4.654400           0.691090           0.257220           3.002800
   4.000	           0.391820           0.046157           0.018278           4.641600           0.747590           0.261080           2.992500
   5.000	           0.398000           0.046891           0.018005           4.622100           0.821670           0.266510           2.977400
   6.000	           0.406540           0.047763           0.017684           4.594200           0.914170           0.273800           2.956600
   7.000	           0.417970           0.048759           0.017324           4.556200           1.025900           0.283330           2.929000
   8.000	           0.432870           0.049862           0.016936           4.506400           1.157400           0.295480           2.893800
   9.000	           0.451830           0.051053           0.016530           4.444000           1.309100           0.310650           2.850500
  10.000	           0.475450           0.052311           0.016120           4.368500           1.481100           0.329250           2.799100
  11.000	           0.504270           0.053616           0.015720           4.280600           1.672800           0.351650           2.740200
  12.000	           0.538780           0.054944           0.015346           4.181700           1.883300           0.378190           2.675000
  13.000	           0.579390           0.056275           0.015014           4.074600           2.110800           0.409130           2.605400
  14.000	           0.626350           0.057586           0.014739           3.962800           2.352500           0.444680           2.534000
  15.000	           0.679780           0.058858           0.014537           3.850700           2.604600           0.484910           2.463800
  16.000	           0.739630           0.060076           0.014422           3.743100           2.862100           0.529790           2.398100
  17.000	           0.805650           0.061225           0.014407           3.645500           3.118500           0.579180           2.340500
  18.000	           0.877400           0.062299           0.014501           3.563000           3.366200           0.632780           2.294600
  19.000	           0.954280           0.063294           0.014712           3.500600           3.596400           0.690210           2.263300
  20.000	           1.035500           0.064215           0.015041           3.462500           3.799400           0.750940           2.249600
  21.000	           1.120200           0.065072           0.015490           3.452400           3.965400           0.814380           2.255600
  22.000	           1.207300           0.065885           0.016052           3.472900           4.084800           0.879880           2.282800
  23.000	           1.295800           0.066683           0.016719           3.525800           4.149000           0.946730           2.332200
  24.000	           1.384700           0.067500           0.017479           3.611700           4.151400           1.014300           2.403800
  25.000	           1.473000           0.068383           0.018318           3.730500           4.088100           1.081800           2.497100
  26.000	           1.559700           0.069382           0.019220           3.880800           3.958200           1.148700           2.611000
  27.000	           1.643900           0.070558           0.020167           4.060700           3.764900           1.214500           2.743700
  28.000	           1.725100           0.071974           0.021145           4.267300           3.514700           1.278600           2.893000
  29.000	           1.802600           0.073701           0.022140           4.496800           3.218400           1.340700           3.055900
  30.000	           1.876000           0.075808           0.023142           4.744600           2.889800           1.400400           3.229200
  31.000	           1.944800           0.078367           0.024147           5.005300           2.545500           1.457500           3.408900
  32.000	           2.009000           0.081444           0.025157           5.272700           2.203800           1.511800           3.590700
  33.000	           2.068200           0.085104           0.026181           5.540100           1.883600           1.563100           3.770000
  34.000	           2.122500           0.089402           0.027235           5.800200           1.603400           1.611300           3.941900
  35.000	           2.171800           0.094382           0.028345           6.045700           1.379800           1.656300           4.101300
  36.000	           2.216200           0.100080           0.029541           6.269100           1.227000           1.698100           4.243400
  37.000	           2.255700           0.106510           0.030862           6.463600           1.155500           1.736500           4.363800
  38.000	           2.290400           0.113680           0.032353           6.623400           1.171500           1.771500           4.458800
  39.000	           2.320400           0.121570           0.034062           6.743800           1.276800           1.803100           4.525400
  40.000	           2.346000           0.130150           0.036038           6.821500           1.468500           1.831300           4.561800
  41.000	           2.367300           0.139370           0.038333           6.855300           1.739300           1.856100           4.567500
  42.000	           2.384500           0.149150           0.040994           6.845900           2.078000           1.877400           4.543300
  43.000	           2.397900           0.159410           0.044065           6.795700           2.469900           1.895300           4.491400
  44.000	           2.407500           0.170050           0.047583           6.709200           2.898000           1.909800           4.415100
  45.000	           2.413700           0.180940           0.051576           6.592300           3.343800           1.920800           4.319000
  46.000	           2.416700           0.191950           0.056064           6.452000           3.788300           1.928500           4.208200
  47.000	           2.416600           0.202950           0.061052           6.296400           4.212800           1.932800           4.088500
  48.000	           2.413600           0.213790           0.066536           6.133500           4.600200           1.933800           3.966000
  49.000	           2.408000           0.224330           0.072495           5.971400           4.935200           1.931400           3.846300
  50.000	           2.399800           0.234420           0.078898           5.817500           5.205600           1.925900           3.734900
  51.000	           2.389300           0.243930           0.085701           5.678100           5.402300           1.917300           3.636400
  52.000	           2.376700           0.252720           0.092846           5.558100           5.519800           1.905700           3.554200
  53.000	           2.362200           0.260690           0.100270           5.460900           5.556000           1.891400           3.490900
  54.000	           2.346100           0.267740           0.107890           5.388300           5.512500           1.874600           3.447600
  55.000	           2.328600           0.273770           0.115620           5.340100           5.393800           1.855600           3.424300
  56.000	           2.310000           0.278740           0.123380           5.314900           5.207500           1.834800           3.419800
  57.000	           2.290600           0.282600           0.131080           5.309700           4.963100           1.812700           3.431800
  58.000	           2.270800           0.285340           0.138620           5.320300           4.672200           1.789600           3.457200
  59.000	           2.250800           0.286950           0.145910           5.341900           4.347000           1.766100           3.492200
  60.000	           2.231000           0.287470           0.152870           5.368900           4.000400           1.742600           3.532500
  61.000	           2.211500           0.286940           0.159410           5.395800           3.645100           1.719500           3.573800
  62.000	           2.192800           0.285430           0.165460           5.417100           3.293000           1.697400           3.611700
  63.000	           2.174800           0.283010           0.170950           5.427900           2.955200           1.676600           3.642200
  64.000	           2.157600           0.279800           0.175830           5.423900           2.640800           1.657300           3.661700
  65.000	           2.141400           0.275890           0.180050           5.401500           2.357700           1.639800           3.667200
  66.000	           2.125900           0.271400           0.183580           5.358500           2.111500           1.624100           3.656600
  67.000	           2.111000           0.266470           0.186410           5.293300           1.906100           1.610300           3.628200
  68.000	           2.096400           0.261220           0.188520           5.205700           1.743400           1.598200           3.581600
  69.000	           2.081900           0.255790           0.189920           5.096200           1.623700           1.587600           3.516700
  70.000	           2.067000           0.250290           0.190630           4.966600           1.545300           1.578200           3.434500
  71.000	           2.051300           0.244850           0.190680           4.819000           1.505600           1.569600           3.336400
  72.000	           2.034300           0.239590           0.190100           4.656600           1.500500           1.561400           3.224500
  73.000	           2.015600           0.234610           0.188960           4.482700           1.525000           1.553000           3.101200
  74.000	           1.994700           0.230000           0.187300           4.301000           1.573800           1.543900           2.969400
  75.000	           1.971300           0.225840           0.185200           4.115300           1.641000           1.533500           2.831800
  76.000	           1.944900           0.222180           0.182720           3.929400           1.720800           1.521400           2.691700
  77.000	           1.915400           0.219080           0.179950           3.746800           1.807200           1.507100           2.551700
  78.000	           1.882500           0.216560           0.176950           3.570700           1.895000           1.490200           2.414800
  79.000	           1.846200           0.214620           0.173810           3.403900           1.979000           1.470300           2.283400
  80.000	           1.806600           0.213260           0.170610           3.248800           2.055000           1.447300           2.159700
  81.000	           1.763700           0.212450           0.167430           3.107100           2.119300           1.421000           2.045500
  82.000	           1.717800           0.212140           0.164320           2.979900           2.168800           1.391400           1.942100
  83.000	           1.669400           0.212290           0.161370           2.867900           2.201600           1.358700           1.850500
  84.000	           1.618900           0.212810           0.158620           2.771200           2.216300           1.323100           1.771200
  85.000	           1.566800           0.213640           0.156140           2.689200           2.212200           1.284900           1.704300
  86.000	           1.513800           0.214670           0.153950           2.621100           2.189500           1.244500           1.649500
  87.000	           1.460500           0.215830           0.152100           2.565600           2.148800           1.202500           1.606100
  88.000	           1.407600           0.217000           0.150610           2.521100           2.091600           1.159300           1.573100
  89.000	           1.355700           0.218110           0.149470           2.485700           2.019500           1.115600           1.549300
  90.000	           1.305500           0.219060           0.148700           2.457500           1.934500           1.072100           1.533300
  91.000	           1.257500           0.219770           0.148290           2.434500           1.839400           1.029300           1.523600
  92.000	           1.212400           0.220150           0.148210           2.414500           1.736400           0.987740           1.518400
  93.000	           1.170500           0.220150           0.148440           2.395800           1.628300           0.948060           1.516300
  94.000	           1.132100           0.219710           0.148940           2.376600           1.517500           0.910710           1.515600
  95.000	           1.097500           0.218780           0.149670           2.355200           1.406700           0.876100           1.514900
  96.000	           1.066800           0.217350           0.150580           2.330500           1.298100           0.844540           1.512800
  97.000	           1.040100           0.215410           0.151630           2.301400           1.193800           0.816270           1.508200
  98.000	           1.017200           0.212950           0.152750           2.267100           1.095600           0.791390           1.500200
  99.000	           0.997870           0.210000           0.153910           2.227300           1.004900           0.769960           1.488000
 100.000	           0.981920           0.206580           0.155040           2.181700           0.922950           0.751890           1.471100
 101.000	           0.968950           0.202730           0.156110           2.130500           0.850510           0.737030           1.449200
 102.000	           0.958550           0.198520           0.157060           2.074100           0.788030           0.725140           1.422400
 103.000	           0.950250           0.193990           0.157850           2.013000           0.735670           0.715930           1.390700
 104.000	           0.943550           0.189210           0.158460           1.948000           0.693260           0.709040           1.354400
 105.000	           0.937950           0.184260           0.158850           1.879800           0.660400           0.704060           1.314100
 106.000	           0.932960           0.179210           0.159010           1.809500           0.636430           0.700580           1.270300
 107.000	           0.928110           0.174120           0.158910           1.738000           0.620550           0.698150           1.223700
 108.000	           0.922940           0.169060           0.158560           1.666300           0.611770           0.696350           1.175100
 109.000	           0.917080           0.164110           0.157950           1.595400           0.609050           0.694760           1.125200
 110.000	           0.910180           0.159310           0.157080           1.526100           0.611260           0.692980           1.074800
 111.000	           0.901980           0.154730           0.155980           1.459300           0.617270           0.690680           1.024600
 112.000	           0.892250           0.150390           0.154650           1.395700           0.625970           0.687550           0.975420
 113.000	           0.880870           0.146350           0.153120           1.335700           0.636290           0.683320           0.927840
 114.000	           0.867750           0.142630           0.151410           1.280000           0.647240           0.677820           0.882430
 115.000	           0.852900           0.139240           0.149550           1.228700           0.657930           0.670890           0.839670
 116.000	           0.836360           0.136200           0.147570           1.182200           0.667580           0.662470           0.799940
 117.000	           0.818250           0.133500           0.145500           1.140300           0.675520           0.652520           0.763500
 118.000	           0.798730           0.131140           0.143350           1.103100           0.681220           0.641070           0.730560
 119.000	           0.777980           0.129100           0.141180           1.070400           0.684290           0.628210           0.701180
 120.000	           0.756230           0.127370           0.138990           1.042000           0.684430           0.614040           0.675350
 121.000	           0.733740           0.125910           0.136830           1.017400           0.681500           0.598730           0.653010
 122.000	           0.710760           0.124700           0.134700           0.996370           0.675430           0.582450           0.633970
 123.000	           0.687560           0.123710           0.132630           0.978390           0.666280           0.565410           0.618030
 124.000	           0.664410           0.122910           0.130640           0.963030           0.654190           0.547830           0.604900
 125.000	           0.641560           0.122250           0.128740           0.949810           0.639380           0.529930           0.594290
 126.000	           0.619260           0.121710           0.126940           0.938250           0.622100           0.511930           0.585860
 127.000	           0.597700           0.121250           0.125250           0.927910           0.602690           0.494060           0.579260
 128.000	           0.577100           0.120850           0.123680           0.918340           0.581490           0.476520           0.574130
 129.000	           0.557600           0.120470           0.122220           0.909150           0.558890           0.459490           0.570120
 130.000	           0.539350           0.120090           0.120880           0.900000           0.535250           0.443160           0.566910
