#94Ru(d,p)95Ru(5/2+ 0.000) ELAB= 16.800
#94Ru(d,p)95Ru(5/2+ 1.648) ELAB= 16.800
#94Ru(d,p)95Ru(1/2+ 0.788) ELAB= 16.800
#94Ru(d,p)95Ru(1/2+ 2.246) ELAB= 16.800
#94Ru(d,p)95Ru(1/2+ 3.288) ELAB= 16.800
#94Ru(d,p)95Ru(7/2+ 0.942) ELAB= 16.800
#94Ru(d,p)95Ru(7/2+ 1.331) ELAB= 16.800
#94Ru(d,p)95Ru(11/2- 2.450) ELAB= 16.800
#94Ru(d,p)95Ru(3/2+ 1.141) ELAB= 16.800
#94Ru(d,p)95Ru(3/2+ 1.740) ELAB= 16.800
#94Ru(d,p)95Ru(3/2+ 2.220) ELAB= 16.800
#94Ru(d,p)95Ru(3/2+ 3.288) ELAB= 16.800
   Angel	  Ex=0.000(1d5/2)AK  Ex=1.648(1d5/2)AK  Ex=0.788(2s1/2)AK  Ex=2.246(2s1/2)AK  Ex=3.288(2s1/2)AK  Ex=0.942(0g7/2)AK  Ex=1.331(0g7/2)AK Ex=2.450(0h11/2)AK  Ex=1.141(1d3/2)AK  Ex=1.740(1d3/2)AK  Ex=2.220(1d3/2)AK  Ex=3.288(1d3/2)AK
   0.200	           0.267670           0.654360          53.536000          53.149000          50.126000           1.172900           1.278700           0.321600           0.241540           0.389650           0.594330           1.466000
   0.400	           0.273490           0.662360          53.474000          53.086000          50.067000           1.172700           1.278400           0.321650           0.246530           0.395290           0.600540           1.473500
   0.600	           0.283210           0.675710          53.370000          52.982000          49.970000           1.172300           1.277900           0.321730           0.254870           0.404710           0.610880           1.486000
   0.800	           0.296840           0.694420          53.224000          52.837000          49.834000           1.171700           1.277200           0.321850           0.266550           0.417900           0.625370           1.503500
   1.000	           0.314410           0.718520          53.037000          52.650000          49.659000           1.170900           1.276300           0.322000           0.281600           0.434880           0.644010           1.526100
   1.200	           0.335970           0.748020          52.810000          52.423000          49.446000           1.170000           1.275300           0.322180           0.300030           0.455660           0.666820           1.553600
   1.400	           0.361550           0.782950          52.542000          52.155000          49.196000           1.168900           1.274000           0.322390           0.321870           0.480260           0.693820           1.586200
   1.600	           0.391200           0.823360          52.235000          51.848000          48.908000           1.167600           1.272600           0.322640           0.347130           0.508710           0.725000           1.623700
   1.800	           0.424990           0.869290          51.888000          51.501000          48.584000           1.166200           1.270900           0.322920           0.375850           0.541020           0.760400           1.666300
   2.000	           0.462980           0.920770          51.502000          51.116000          48.223000           1.164600           1.269100           0.323230           0.408070           0.577220           0.800030           1.713900
   2.200	           0.505240           0.977860          51.079000          50.693000          47.827000           1.162800           1.267100           0.323580           0.443800           0.617340           0.843910           1.766500
   2.400	           0.551840           1.040600          50.619000          50.233000          47.397000           1.160900           1.264900           0.323950           0.483100           0.661400           0.892060           1.824100
   2.600	           0.602860           1.109100          50.123000          49.737000          46.932000           1.158900           1.262600           0.324360           0.526000           0.709440           0.944500           1.886700
   2.800	           0.658390           1.183300          49.591000          49.206000          46.435000           1.156600           1.260000           0.324810           0.572530           0.761480           1.001300           1.954300
   3.000	           0.718510           1.263300          49.025000          48.640000          45.905000           1.154300           1.257300           0.325280           0.622750           0.817560           1.062300           2.026900
   3.200	           0.783310           1.349200          48.426000          48.041000          45.345000           1.151800           1.254500           0.325790           0.676690           0.877710           1.127800           2.104500
   3.400	           0.852890           1.441100          47.795000          47.411000          44.754000           1.149100           1.251400           0.326330           0.734390           0.941950           1.197600           2.187100
   3.600	           0.927330           1.538900          47.133000          46.749000          44.135000           1.146300           1.248200           0.326900           0.795890           1.010300           1.271800           2.274600
   3.800	           1.006700           1.642800          46.442000          46.058000          43.488000           1.143400           1.244900           0.327510           0.861240           1.082800           1.350400           2.367100
   4.000	           1.091200           1.752700          45.722000          45.338000          42.814000           1.140300           1.241400           0.328140           0.930460           1.159500           1.433500           2.464500
   4.200	           1.180800           1.868800          44.975000          44.592000          42.114000           1.137100           1.237700           0.328810           1.003600           1.240400           1.520900           2.566700
   4.400	           1.275600           1.991100          44.202000          43.819000          41.391000           1.133800           1.233900           0.329510           1.080700           1.325500           1.612800           2.673900
   4.600	           1.375700           2.119600          43.405000          43.023000          40.645000           1.130400           1.229900           0.330240           1.161800           1.414900           1.709100           2.785800
   4.800	           1.481100           2.254400          42.585000          42.203000          39.877000           1.126800           1.225900           0.331010           1.246900           1.508500           1.809900           2.902600
   5.000	           1.592100           2.395400          41.743000          41.362000          39.089000           1.123100           1.221600           0.331800           1.336000           1.606300           1.915100           3.024000
   5.200	           1.708500           2.542700          40.882000          40.501000          38.282000           1.119300           1.217300           0.332630           1.429200           1.708400           2.024700           3.150200
   5.400	           1.830500           2.696200          40.002000          39.622000          37.458000           1.115500           1.212900           0.333490           1.526400           1.814800           2.138600           3.281000
   5.600	           1.958200           2.856100          39.106000          38.725000          36.618000           1.111500           1.208300           0.334380           1.627700           1.925400           2.257000           3.416300
   5.800	           2.091500           3.022300          38.193000          37.814000          35.763000           1.107400           1.203600           0.335310           1.733000           2.040200           2.379700           3.556100
   6.000	           2.230500           3.194700          37.268000          36.888000          34.895000           1.103200           1.198800           0.336260           1.842400           2.159200           2.506700           3.700300
   6.200	           2.375200           3.373300          36.329000          35.951000          34.016000           1.099000           1.193900           0.337250           1.955900           2.282400           2.637900           3.848800
   6.400	           2.525700           3.558100          35.381000          35.002000          33.127000           1.094700           1.189000           0.338270           2.073400           2.409700           2.773300           4.001500
   6.600	           2.681800           3.749100          34.423000          34.045000          32.229000           1.090300           1.183900           0.339330           2.194800           2.541100           2.912800           4.158400
   6.800	           2.843700           3.946100          33.457000          33.080000          31.324000           1.085800           1.178800           0.340410           2.320200           2.676600           3.056400           4.319200
   7.000	           3.011200           4.149000          32.486000          32.109000          30.413000           1.081300           1.173600           0.341530           2.449600           2.815900           3.204000           4.483900
   7.200	           3.184400           4.357800          31.510000          31.134000          29.497000           1.076800           1.168300           0.342680           2.582700           2.959200           3.355400           4.652300
   7.400	           3.363100           4.572300          30.531000          30.155000          28.579000           1.072100           1.163000           0.343860           2.719600           3.106200           3.510600           4.824400
   7.600	           3.547400           4.792500          29.551000          29.176000          27.660000           1.067500           1.157700           0.345080           2.860300           3.257000           3.669500           4.999800
   7.800	           3.737000           5.018100          28.571000          28.197000          26.740000           1.062800           1.152200           0.346330           3.004500           3.411300           3.832000           5.178600
   8.000	           3.932000           5.249000          27.592000          27.219000          25.822000           1.058100           1.146800           0.347610           3.152200           3.569200           3.997800           5.360500
   8.200	           4.132100           5.485100          26.617000          26.244000          24.907000           1.053300           1.141300           0.348930           3.303400           3.730300           4.167000           5.545400
   8.400	           4.337200           5.726100          25.645000          25.274000          23.995000           1.048600           1.135800           0.350280           3.457800           3.894700           4.339200           5.733000
   8.600	           4.547300           5.971800          24.680000          24.310000          23.089000           1.043800           1.130300           0.351670           3.615400           4.062200           4.514400           5.923200
   8.800	           4.762100           6.222000          23.722000          23.353000          22.190000           1.039100           1.124800           0.353090           3.776000           4.232600           4.692500           6.115800
   9.000	           4.981300           6.476400          22.773000          22.405000          21.299000           1.034300           1.119300           0.354550           3.939400           4.405700           4.873100           6.310500
   9.200	           5.204900           6.734900          21.833000          21.466000          20.416000           1.029600           1.113800           0.356050           4.105600           4.581400           5.056100           6.507200
   9.400	           5.432700           6.997000          20.904000          20.539000          19.544000           1.024900           1.108400           0.357580           4.274200           4.759500           5.241400           6.705500
   9.600	           5.664200           7.262600          19.987000          19.624000          18.683000           1.020200           1.102900           0.359150           4.445300           4.939800           5.428700           6.905400
   9.800	           5.899400           7.531400          19.084000          18.722000          17.835000           1.015600           1.097500           0.360750           4.618400           5.122000           5.617800           7.106500
  10.000	           6.137900           7.802900          18.195000          17.835000          17.001000           1.011000           1.092200           0.362400           4.793500           5.306000           5.808500           7.308500
  10.200	           6.379500           8.076900          17.321000          16.963000          16.180000           1.006500           1.086900           0.364080           4.970400           5.491600           6.000400           7.511300
  10.400	           6.623800           8.353100          16.464000          16.108000          15.376000           1.002000           1.081700           0.365810           5.148700           5.678400           6.193500           7.714600
  10.600	           6.870600           8.631000          15.624000          15.271000          14.587000           0.997630           1.076500           0.367580           5.328400           5.866300           6.387400           7.918000
  10.800	           7.119500           8.910300          14.802000          14.452000          13.816000           0.993320           1.071400           0.369380           5.509000           6.055000           6.581900           8.121400
  11.000	           7.370100           9.190600          13.999000          13.652000          13.063000           0.989100           1.066500           0.371240           5.690500           6.244300           6.776700           8.324400
  11.200	           7.622200           9.471600          13.216000          12.872000          12.328000           0.984980           1.061600           0.373130           5.872600           6.433900           6.971600           8.526800
  11.400	           7.875300           9.752800          12.453000          12.113000          11.613000           0.980970           1.056800           0.375070           6.054900           6.623400           7.166200           8.728200
  11.600	           8.129100          10.034000          11.711000          11.376000          10.918000           0.977070           1.052200           0.377060           6.237200           6.812800           7.360300           8.928400
  11.800	           8.383200          10.314000          10.991000          10.660000          10.244000           0.973310           1.047700           0.379100           6.419300           7.001600           7.553500           9.127100
  12.000	           8.637200          10.593000          10.294000           9.966900           9.590800           0.969670           1.043400           0.381180           6.600900           7.189500           7.745700           9.324000
  12.200	           8.890700          10.871000           9.618600           9.296700           8.959200           0.966190           1.039100           0.383320           6.781700           7.376400           7.936500           9.518800
  12.400	           9.143400          11.147000           8.966600           8.650000           8.349600           0.962860           1.035100           0.385500           6.961400           7.561900           8.125700           9.711200
  12.600	           9.394700          11.421000           8.338000           8.027100           7.762500           0.959690           1.031200           0.387740           7.139700           7.745600           8.312800           9.900900
  12.800	           9.644200          11.692000           7.733100           7.428300           7.198200           0.956700           1.027600           0.390040           7.316300           7.927400           8.497700          10.088000
  13.000	           9.891600          11.959000           7.152100           6.853800           6.656800           0.953890           1.024100           0.392390           7.491000           8.106900           8.680000          10.271000
  13.200	          10.136000          12.223000           6.595200           6.303900           6.138600           0.951280           1.020800           0.394800           7.663500           8.283900           8.859400          10.451000
  13.400	          10.378000          12.483000           6.062600           5.778700           5.643800           0.948870           1.017700           0.397270           7.833400           8.457900           9.035700          10.627000
  13.600	          10.617000          12.738000           5.554300           5.278300           5.172500           0.946680           1.014900           0.399800           8.000500           8.628800           9.208500          10.799000
  13.800	          10.851000          12.988000           5.070400           4.802700           4.724700           0.944700           1.012300           0.402400           8.164500           8.796300           9.377500          10.966000
  14.000	          11.082000          13.233000           4.610700           4.352000           4.300400           0.942970           1.009900           0.405060           8.325100           8.960000           9.542600          11.129000
  14.200	          11.307000          13.471000           4.175300           3.925900           3.899600           0.941470           1.007800           0.407800           8.482000           9.119700           9.703300          11.286000
  14.400	          11.528000          13.704000           3.763900           3.524500           3.522100           0.940230           1.006000           0.410600           8.635000           9.275100           9.859400          11.439000
  14.600	          11.743000          13.930000           3.376400           3.147400           3.167900           0.939250           1.004500           0.413480           8.783800           9.426000          10.011000          11.585000
  14.800	          11.952000          14.148000           3.012600           2.794700           2.836800           0.938540           1.003200           0.416430           8.928000           9.572000          10.157000          11.727000
  15.000	          12.155000          14.360000           2.672300           2.465800           2.528600           0.938110           1.002200           0.419460           9.067600           9.712900          10.298000          11.862000
  15.200	          12.351000          14.563000           2.355000           2.160700           2.242900           0.937980           1.001600           0.422570           9.202100           9.848500          10.433000          11.991000
  15.400	          12.540000          14.758000           2.060500           1.878800           1.979500           0.938140           1.001200           0.425760           9.331400           9.978400          10.562000          12.113000
  15.600	          12.722000          14.944000           1.788300           1.619900           1.738100           0.938620           1.001200           0.429040           9.455300          10.103000          10.685000          12.229000
  15.800	          12.896000          15.122000           1.538100           1.383600           1.518200           0.939410           1.001500           0.432410           9.573400          10.221000          10.802000          12.338000
  16.000	          13.062000          15.290000           1.309300           1.169200           1.319500           0.940530           1.002100           0.435870           9.685700          10.333000          10.912000          12.440000
  16.200	          13.220000          15.448000           1.101600           0.976500           1.141400           0.941980           1.003200           0.439420           9.791800          10.438000          11.016000          12.535000
  16.400	          13.368000          15.597000           0.914320           0.804810           0.983680           0.943780           1.004500           0.443080           9.891600          10.537000          11.113000          12.622000
  16.600	          13.509000          15.736000           0.746980           0.653650           0.845660           0.945920           1.006200           0.446830           9.984900          10.629000          11.203000          12.702000
  16.800	          13.639000          15.864000           0.599010           0.522420           0.726850           0.948420           1.008300           0.450690          10.072000          10.714000          11.285000          12.774000
  17.000	          13.761000          15.981000           0.469820           0.410550           0.626710           0.951290           1.010800           0.454660          10.151000          10.792000          11.360000          12.838000
  17.200	          13.872000          16.088000           0.358800           0.317400           0.544660           0.954530           1.013700           0.458740          10.224000          10.862000          11.428000          12.895000
  17.400	          13.974000          16.184000           0.265310           0.242340           0.480110           0.958140           1.017000           0.462930          10.290000          10.926000          11.488000          12.943000
  17.600	          14.066000          16.268000           0.188720           0.184720           0.432450           0.962140           1.020600           0.467240          10.349000          10.982000          11.540000          12.984000
  17.800	          14.147000          16.341000           0.128360           0.143870           0.401050           0.966530           1.024700           0.471670          10.400000          11.030000          11.585000          13.016000
  18.000	          14.219000          16.403000           0.083569           0.119100           0.385280           0.971310           1.029200           0.476230          10.444000          11.070000          11.622000          13.040000
  18.200	          14.279000          16.453000           0.053666           0.109710           0.384470           0.976480           1.034100           0.480920          10.481000          11.103000          11.650000          13.056000
  18.400	          14.329000          16.492000           0.037965           0.115020           0.397970           0.982060           1.039400           0.485740          10.510000          11.128000          11.671000          13.064000
  18.600	          14.369000          16.519000           0.035776           0.134300           0.425110           0.988040           1.045100           0.490690          10.531000          11.145000          11.684000          13.063000
  18.800	          14.398000          16.534000           0.046405           0.166850           0.465210           0.994420           1.051300           0.495790          10.545000          11.155000          11.689000          13.054000
  19.000	          14.415000          16.537000           0.069157           0.211940           0.517580           1.001200           1.057800           0.501030          10.551000          11.156000          11.686000          13.037000
  19.200	          14.423000          16.529000           0.103340           0.268860           0.581550           1.008400           1.064800           0.506410          10.550000          11.150000          11.675000          13.012000
  19.400	          14.419000          16.509000           0.148260           0.336900           0.656440           1.016000           1.072300           0.511950          10.542000          11.136000          11.656000          12.979000
  19.600	          14.405000          16.478000           0.203230           0.415330           0.741550           1.024000           1.080100           0.517650          10.525000          11.115000          11.629000          12.938000
  19.800	          14.380000          16.435000           0.267570           0.503450           0.836210           1.032500           1.088400           0.523500          10.502000          11.085000          11.595000          12.889000
  20.000	          14.345000          16.381000           0.340600           0.600570           0.939750           1.041300           1.097000           0.529520          10.471000          11.049000          11.553000          12.832000
  20.200	          14.299000          16.315000           0.421670           0.705970           1.051500           1.050500           1.106100           0.535700          10.432000          11.004000          11.503000          12.767000
  20.400	          14.243000          16.239000           0.510110           0.818990           1.170800           1.060200           1.115600           0.542050          10.387000          10.953000          11.445000          12.695000
  20.600	          14.177000          16.151000           0.605290           0.938940           1.297000           1.070200           1.125600           0.548580          10.334000          10.894000          11.381000          12.616000
  20.800	          14.100000          16.053000           0.706570           1.065200           1.429400           1.080600           1.135900           0.555280          10.274000          10.828000          11.309000          12.529000
  21.000	          14.014000          15.945000           0.813340           1.197000           1.567400           1.091400           1.146600           0.562160          10.208000          10.755000          11.230000          12.435000
  21.200	          13.918000          15.826000           0.925010           1.333900           1.710500           1.102600           1.157700           0.569230          10.135000          10.675000          11.145000          12.334000
  21.400	          13.813000          15.698000           1.041000           1.475100           1.857900           1.114200           1.169200           0.576490          10.055000          10.589000          11.052000          12.227000
  21.600	          13.699000          15.559000           1.160700           1.620100           2.009200           1.126100           1.181100           0.583940           9.969700          10.496000          10.953000          12.113000
  21.800	          13.576000          15.412000           1.283600           1.768200           2.163700           1.138400           1.193300           0.591580           9.877700          10.397000          10.848000          11.993000
  22.000	          13.445000          15.256000           1.409200           1.919100           2.320900           1.151000           1.205900           0.599420           9.779800          10.292000          10.737000          11.867000
  22.200	          13.305000          15.090000           1.536900           2.071900           2.480200           1.163900           1.218800           0.607460           9.676200          10.181000          10.620000          11.735000
  22.400	          13.157000          14.917000           1.666300           2.226400           2.641100           1.177200           1.232000           0.615700           9.567100          10.065000          10.498000          11.598000
  22.600	          13.002000          14.735000           1.796900           2.381900           2.803200           1.190800           1.245600           0.624140           9.452800           9.943100          10.370000          11.456000
  22.800	          12.839000          14.546000           1.928300           2.538000           2.965900           1.204600           1.259400           0.632800           9.333500           9.816400          10.237000          11.308000
  23.000	          12.669000          14.350000           2.060000           2.694100           3.128800           1.218800           1.273600           0.641660           9.209400           9.684900          10.099000          11.156000
  23.200	          12.493000          14.147000           2.191600           2.850000           3.291400           1.233200           1.288000           0.650740           9.080800           9.548800           9.957100          11.000000
  23.400	          12.311000          13.938000           2.322700           3.005100           3.453300           1.247900           1.302700           0.660030           8.947900           9.408500           9.810600          10.839000
  23.600	          12.122000          13.723000           2.453100           3.159000           3.614100           1.262800           1.317600           0.669530           8.811100           9.264200           9.660200          10.674000
  23.800	          11.929000          13.502000           2.582200           3.311400           3.773500           1.277900           1.332700           0.679250           8.670600           9.116200           9.506000          10.506000
  24.000	          11.730000          13.276000           2.709900           3.462000           3.931000           1.293200           1.348100           0.689190           8.526600           8.964800           9.348600          10.335000
  24.200	          11.527000          13.045000           2.835800           3.610300           4.086400           1.308700           1.363600           0.699350           8.379500           8.810200           9.188000          10.161000
  24.400	          11.319000          12.810000           2.959600           3.756200           4.239400           1.324400           1.379300           0.709730           8.229600           8.652900           9.024600           9.984400
  24.600	          11.108000          12.572000           3.081200           3.899200           4.389500           1.340200           1.395100           0.720320           8.077000           8.493000           8.858800           9.805400
  24.800	          10.893000          12.330000           3.200200           4.039200           4.536600           1.356100           1.411000           0.731140           7.922200           8.330800           8.690800           9.624400
  25.000	          10.675000          12.085000           3.316400           4.175900           4.680400           1.372100           1.427100           0.742170           7.765400           8.166700           8.520900           9.441700
  25.200	          10.455000          11.838000           3.429700           4.309100           4.820700           1.388200           1.443200           0.753430           7.606900           8.001000           8.349400           9.257700
  25.400	          10.233000          11.589000           3.539900           4.438500           4.957200           1.404300           1.459400           0.764900           7.446900           7.833900           8.176600           9.072600
  25.600	          10.009000          11.338000           3.646800           4.564100           5.089800           1.420500           1.475600           0.776580           7.285900           7.665800           8.002900           8.886700
  25.800	           9.783200          11.087000           3.750300           4.685500           5.218300           1.436700           1.491800           0.788480           7.124000           7.496900           7.828500           8.700400
  26.000	           9.556900          10.834000           3.850200           4.802800           5.342600           1.452800           1.508000           0.800600           6.961500           7.327600           7.653700           8.513900
  26.200	           9.330000          10.582000           3.946500           4.915700           5.462400           1.469000           1.524200           0.812920           6.798700           7.158000           7.478800           8.327600
  26.400	           9.103000          10.329000           4.039100           5.024200           5.577700           1.485000           1.540200           0.825450           6.635900           6.988600           7.304100           8.141700
  26.600	           8.876400          10.078000           4.127800           5.128200           5.688300           1.501000           1.556200           0.838180           6.473400           6.819500           7.129900           7.956500
  26.800	           8.650300           9.827000           4.212700           5.227500           5.794300           1.516900           1.572100           0.851120           6.311400           6.651100           6.956400           7.772300
  27.000	           8.425300           9.577700           4.293700           5.322200           5.895400           1.532600           1.587900           0.864250           6.150200           6.483500           6.783900           7.589300
  27.200	           8.201800           9.330300           4.370800           5.412200           5.991700           1.548200           1.603500           0.877580           5.990000           6.317200           6.612700           7.407800
  27.400	           7.979900           9.085000           4.444000           5.497400           6.083100           1.563600           1.618800           0.891090           5.831100           6.152200           6.443000           7.228100
  27.600	           7.760200           8.842300           4.513100           5.577900           6.169600           1.578700           1.634000           0.904780           5.673700           5.988900           6.275100           7.050400
  27.800	           7.543000           8.602600           4.578400           5.653600           6.251100           1.593700           1.648900           0.918660           5.518100           5.827500           6.109200           6.874900
  28.000	           7.328400           8.366100           4.639700           5.724600           6.327700           1.608400           1.663600           0.932700           5.364500           5.668200           5.945500           6.702000
  28.200	           7.117000           8.133100           4.697100           5.790800           6.399400           1.622700           1.678000           0.946910           5.213000           5.511300           5.784200           6.531700
  28.400	           6.908900           7.904100           4.750600           5.852400           6.466100           1.636800           1.692000           0.961280           5.063900           5.356800           5.625700           6.364300
  28.600	           6.704500           7.679300           4.800300           5.909300           6.527900           1.650600           1.705700           0.975800           4.917400           5.205200           5.469900           6.200000
  28.800	           6.504000           7.458900           4.846300           5.961500           6.584900           1.663900           1.719100           0.990460           4.773700           5.056400           5.317300           6.038900
  29.000	           6.307700           7.243200           4.888500           6.009200           6.637100           1.676900           1.732000           1.005300           4.632900           4.910800           5.167800           5.881400
  29.200	           6.115800           7.032600           4.927100           6.052500           6.684500           1.689500           1.744600           1.020200           4.495300           4.768400           5.021800           5.727400
  29.400	           5.928600           6.827100           4.962000           6.091200           6.727200           1.701700           1.756700           1.035200           4.360900           4.629500           4.879300           5.577200
  29.600	           5.746200           6.627100           4.993500           6.125700           6.765200           1.713400           1.768300           1.050400           4.229900           4.494100           4.740500           5.431000
  29.800	           5.568900           6.432800           5.021600           6.155900           6.798700           1.724700           1.779500           1.065600           4.102500           4.362500           4.605500           5.288700
  30.000	           5.396700           6.244200           5.046200           6.181800           6.827700           1.735400           1.790200           1.081000           3.978700           4.234700           4.474400           5.150700
  30.200	           5.230000           6.061600           5.067700           6.203700           6.852300           1.745700           1.800400           1.096400           3.858800           4.110800           4.347500           5.016900
  30.400	           5.068800           5.885200           5.085900           6.221600           6.872500           1.755400           1.810000           1.111900           3.742700           3.991000           4.224700           4.887500
  30.600	           4.913300           5.715000           5.101000           6.235600           6.888600           1.764600           1.819100           1.127500           3.630600           3.875300           4.106100           4.762500
  30.800	           4.763600           5.551200           5.113100           6.245800           6.900400           1.773200           1.827500           1.143100           3.522600           3.763900           3.991900           4.642000
  31.000	           4.619700           5.393800           5.122300           6.252200           6.908300           1.781200           1.835400           1.158700           3.418700           3.656700           3.882100           4.526200
  31.200	           4.481900           5.243000           5.128700           6.255100           6.912100           1.788600           1.842700           1.174400           3.318900           3.553900           3.776800           4.414900
  31.400	           4.350000           5.098900           5.132300           6.254500           6.912100           1.795400           1.849400           1.190100           3.223400           3.455500           3.675900           4.308400
  31.600	           4.224300           4.961300           5.133300           6.250400           6.908400           1.801600           1.855400           1.205700           3.132200           3.361500           3.579600           4.206500
  31.800	           4.104700           4.830500           5.131700           6.243100           6.901000           1.807100           1.860800           1.221400           3.045300           3.271900           3.487800           4.109300
  32.000	           3.991200           4.706400           5.127600           6.232500           6.890000           1.812000           1.865500           1.237000           2.962700           3.186800           3.400600           4.016900
  32.200	           3.883900           4.589000           5.121100           6.218900           6.875600           1.816200           1.869600           1.252600           2.884500           3.106200           3.318000           3.929200
  32.400	           3.782800           4.478400           5.112300           6.202200           6.857800           1.819800           1.872900           1.268200           2.810500           3.030100           3.239900           3.846100
  32.600	           3.687800           4.374300           5.101300           6.182700           6.836700           1.822600           1.875600           1.283600           2.740900           2.958400           3.166400           3.767800
  32.800	           3.598900           4.276900           5.088100           6.160300           6.812500           1.824800           1.877600           1.299000           2.675600           2.891100           3.097400           3.694100
  33.000	           3.516000           4.186100           5.072800           6.135300           6.785200           1.826300           1.878800           1.314300           2.614500           2.828200           3.032900           3.625000
  33.200	           3.439200           4.101800           5.055500           6.107600           6.755000           1.827000           1.879400           1.329500           2.557600           2.769700           2.972800           3.560400
  33.400	           3.368300           4.023800           5.036300           6.077400           6.721800           1.827100           1.879200           1.344600           2.505000           2.715500           2.917000           3.500300
  33.600	           3.303200           3.952200           5.015200           6.044800           6.685900           1.826400           1.878300           1.359500           2.456400           2.665500           2.865600           3.444700
  33.800	           3.243900           3.886800           4.992300           6.009800           6.647300           1.825000           1.876700           1.374300           2.411900           2.619700           2.818500           3.393400
  34.000	           3.190300           3.827500           4.967700           5.972600           6.606000           1.822900           1.874400           1.388900           2.371400           2.578000           2.775500           3.346300
  34.200	           3.142200           3.774200           4.941400           5.933200           6.562300           1.820100           1.871300           1.403400           2.334800           2.540300           2.736600           3.303400
  34.400	           3.099500           3.726600           4.913400           5.891700           6.516100           1.816600           1.867600           1.417600           2.302000           2.506500           2.701700           3.264600
  34.600	           3.062100           3.684800           4.883900           5.848200           6.467600           1.812400           1.863100           1.431600           2.273000           2.476600           2.670700           3.229800
  34.800	           3.029800           3.648400           4.852800           5.802700           6.416700           1.807400           1.857900           1.445400           2.247600           2.450400           2.643500           3.198800
  35.000	           3.002600           3.617400           4.820300           5.755300           6.363700           1.801800           1.852000           1.459000           2.225800           2.427800           2.620000           3.171600
  35.200	           2.980100           3.591600           4.786400           5.706200           6.308600           1.795500           1.845400           1.472300           2.207400           2.408800           2.600100           3.148000
  35.400	           2.962400           3.570800           4.751000           5.655300           6.251500           1.788400           1.838000           1.485400           2.192300           2.393200           2.583600           3.127900
  35.600	           2.949100           3.554800           4.714400           5.602700           6.192400           1.780700           1.830100           1.498200           2.180500           2.380900           2.570500           3.111100
  35.800	           2.940200           3.543400           4.676400           5.548500           6.131400           1.772400           1.821400           1.510600           2.171700           2.371700           2.560500           3.097700
  36.000	           2.935400           3.536500           4.637100           5.492700           6.068600           1.763300           1.812100           1.522800           2.165900           2.365600           2.553700           3.087300
  36.200	           2.934700           3.533800           4.596600           5.435500           6.004000           1.753600           1.802100           1.534700           2.163000           2.362300           2.549800           3.079900
  36.400	           2.937700           3.535100           4.554900           5.376800           5.937800           1.743300           1.791400           1.546200           2.162800           2.361900           2.548700           3.075400
  36.600	           2.944300           3.540200           4.512000           5.316700           5.869900           1.732400           1.780200           1.557400           2.165200           2.364100           2.550300           3.073600
  36.800	           2.954300           3.548900           4.467900           5.255300           5.800500           1.720900           1.768300           1.568200           2.170100           2.368900           2.554400           3.074300
  37.000	           2.967500           3.561100           4.422800           5.192600           5.729600           1.708700           1.755900           1.578600           2.177300           2.376000           2.560900           3.077400
  37.200	           2.983700           3.576400           4.376500           5.128700           5.657200           1.696000           1.742800           1.588700           2.186700           2.385300           2.569700           3.082800
  37.400	           3.002700           3.594600           4.329200           5.063600           5.583500           1.682700           1.729200           1.598300           2.198200           2.396700           2.580600           3.090300
  37.600	           3.024400           3.615700           4.280800           4.997400           5.508500           1.668900           1.715100           1.607600           2.211600           2.410100           2.593500           3.099900
  37.800	           3.048500           3.639300           4.231400           4.930000           5.432300           1.654600           1.700400           1.616400           2.226800           2.425400           2.608200           3.111200
  38.000	           3.074800           3.665200           4.180900           4.861600           5.354900           1.639800           1.685300           1.624800           2.243700           2.442300           2.624600           3.124300
  38.200	           3.103200           3.693200           4.129500           4.792300           5.276300           1.624500           1.669600           1.632800           2.262100           2.460700           2.642600           3.138900
  38.400	           3.133400           3.723200           4.077200           4.721900           5.196700           1.608700           1.653500           1.640300           2.281900           2.480600           2.661900           3.154900
  38.600	           3.165200           3.754900           4.023800           4.650700           5.116100           1.592500           1.636900           1.647400           2.302900           2.501700           2.682600           3.172200
  38.800	           3.198500           3.788000           3.969600           4.578500           5.034500           1.575900           1.620000           1.654000           2.325100           2.524000           2.704400           3.190600
  39.000	           3.233000           3.822500           3.914500           4.505600           4.952000           1.558900           1.602600           1.660200           2.348300           2.547300           2.727200           3.210100
  39.200	           3.268700           3.858100           3.858500           4.431800           4.868700           1.541500           1.584900           1.665800           2.372400           2.571400           2.750800           3.230400
  39.400	           3.305200           3.894600           3.801600           4.357400           4.784600           1.523800           1.566800           1.671000           2.397300           2.596300           2.775200           3.251400
  39.600	           3.342500           3.931800           3.744000           4.282200           4.699800           1.505800           1.548400           1.675700           2.422800           2.621900           2.800300           3.273100
  39.800	           3.380300           3.969600           3.685500           4.206300           4.614300           1.487400           1.529700           1.679800           2.448800           2.647900           2.825800           3.295200
  40.000	           3.418500           4.007700           3.626200           4.129900           4.528300           1.468800           1.510800           1.683500           2.475100           2.674300           2.851700           3.317800
  40.200	           3.457000           4.046000           3.566200           4.052900           4.441600           1.450000           1.491500           1.686700           2.501800           2.701000           2.877800           3.340500
  40.400	           3.495500           4.084300           3.505400           3.975300           4.354500           1.430900           1.472100           1.689300           2.528700           2.727800           2.904100           3.363400
  40.600	           3.533900           4.122500           3.444000           3.897300           4.267000           1.411600           1.452500           1.691400           2.555600           2.754700           2.930400           3.386300
  40.800	           3.572000           4.160400           3.381900           3.818800           4.179000           1.392200           1.432700           1.693100           2.582500           2.781500           2.956700           3.409200
  41.000	           3.609800           4.197800           3.319200           3.740000           4.090800           1.372600           1.412700           1.694100           2.609200           2.808100           2.982700           3.431800
  41.200	           3.647100           4.234600           3.255800           3.660800           4.002300           1.352900           1.392700           1.694700           2.635700           2.834500           3.008500           3.454200
  41.400	           3.683700           4.270700           3.191900           3.581300           3.913600           1.333100           1.372500           1.694700           2.661900           2.860500           3.033900           3.476100
  41.600	           3.719500           4.305900           3.127500           3.501600           3.824800           1.313300           1.352300           1.694300           2.687700           2.886100           3.058800           3.497600
  41.800	           3.754500           4.340100           3.062500           3.421600           3.735900           1.293400           1.332000           1.693200           2.713000           2.911100           3.083100           3.518600
  42.000	           3.788400           4.373200           2.997100           3.341600           3.647000           1.273500           1.311700           1.691700           2.737700           2.935500           3.106900           3.538900
  42.200	           3.821200           4.405100           2.931300           3.261400           3.558200           1.253500           1.291500           1.689600           2.761700           2.959200           3.129900           3.558400
  42.400	           3.852800           4.435600           2.865100           3.181200           3.469400           1.233700           1.271200           1.687100           2.785000           2.982100           3.152100           3.577200
  42.600	           3.883100           4.464700           2.798600           3.101000           3.380900           1.213800           1.251000           1.684000           2.807500           3.004200           3.173400           3.595100
  42.800	           3.912000           4.492300           2.731800           3.020900           3.292500           1.194100           1.230900           1.680300           2.829200           3.025400           3.193800           3.612100
  43.000	           3.939400           4.518200           2.664700           2.940800           3.204500           1.174500           1.210900           1.676200           2.849900           3.045700           3.213200           3.628100
  43.200	           3.965300           4.542500           2.597500           2.861000           3.116900           1.154900           1.191100           1.671600           2.869700           3.064900           3.231600           3.643100
  43.400	           3.989500           4.564900           2.530100           2.781400           3.029600           1.135600           1.171300           1.666400           2.888400           3.083000           3.248900           3.656900
  43.600	           4.012000           4.585600           2.462600           2.702000           2.942900           1.116400           1.151800           1.660800           2.906000           3.100000           3.265000           3.669600
  43.800	           4.032800           4.604400           2.395100           2.623000           2.856700           1.097400           1.132400           1.654700           2.922600           3.115800           3.279900           3.681100
  44.000	           4.051800           4.621200           2.327500           2.544400           2.771100           1.078600           1.113300           1.648000           2.937900           3.130400           3.293600           3.691400
  44.200	           4.069000           4.636000           2.260100           2.466300           2.686200           1.060000           1.094400           1.640900           2.952100           3.143800           3.306000           3.700400
  44.400	           4.084200           4.648800           2.192800           2.388600           2.602000           1.041700           1.075700           1.633400           2.965000           3.155800           3.317100           3.708100
  44.600	           4.097600           4.659600           2.125600           2.311500           2.518600           1.023700           1.057300           1.625400           2.976700           3.166600           3.326900           3.714500
  44.800	           4.109000           4.668200           2.058600           2.235100           2.436100           1.005900           1.039300           1.616900           2.987100           3.176100           3.335300           3.719500
  45.000	           4.118500           4.674700           1.992000           2.159300           2.354500           0.988500           1.021500           1.608000           2.996200           3.184100           3.342300           3.723200
  45.200	           4.125900           4.679100           1.925700           2.084200           2.273800           0.971390           1.004000           1.598600           3.004000           3.190900           3.347900           3.725400
  45.400	           4.131400           4.681400           1.859800           2.010000           2.194200           0.954620           0.986930           1.588900           3.010400           3.196200           3.352100           3.726300
  45.600	           4.134900           4.681500           1.794300           1.936600           2.115700           0.938210           0.970180           1.578700           3.015500           3.200100           3.355000           3.725700
  45.800	           4.136300           4.679500           1.729400           1.864100           2.038400           0.922170           0.953800           1.568100           3.019200           3.202700           3.356300           3.723800
  46.000	           4.135800           4.675300           1.665000           1.792500           1.962200           0.906510           0.937820           1.557200           3.021600           3.203800           3.356300           3.720400
  46.200	           4.133200           4.669000           1.601300           1.722000           1.887300           0.891240           0.922230           1.545800           3.022700           3.203500           3.354800           3.715600
  46.400	           4.128700           4.660600           1.538200           1.652600           1.813800           0.876390           0.907050           1.534100           3.022300           3.201900           3.351900           3.709300
  46.600	           4.122300           4.650000           1.476000           1.584200           1.741600           0.861960           0.892300           1.522100           3.020700           3.198800           3.347600           3.701700
  46.800	           4.113800           4.637400           1.414500           1.517100           1.670800           0.847950           0.877980           1.509700           3.017700           3.194300           3.341800           3.692600
  47.000	           4.103500           4.622800           1.353900           1.451100           1.601400           0.834390           0.864100           1.497000           3.013300           3.188500           3.334700           3.682200
  47.200	           4.091200           4.606100           1.294100           1.386500           1.533600           0.821280           0.850670           1.484000           3.007700           3.181300           3.326200           3.670400
  47.400	           4.077100           4.587400           1.235400           1.323200           1.467300           0.808620           0.837700           1.470700           3.000700           3.172800           3.316300           3.657200
  47.600	           4.061200           4.566800           1.177700           1.261200           1.402700           0.796420           0.825200           1.457100           2.992400           3.162900           3.305000           3.642700
  47.800	           4.043500           4.544300           1.121100           1.200700           1.339600           0.784690           0.813160           1.443200           2.982900           3.151700           3.292500           3.626900
  48.000	           4.024000           4.519900           1.065600           1.141600           1.278300           0.773440           0.801610           1.429100           2.972200           3.139200           3.278600           3.609700
  48.200	           4.002800           4.493700           1.011300           1.084000           1.218600           0.762670           0.790540           1.414800           2.960200           3.125500           3.263400           3.591300
  48.400	           3.979900           4.465700           0.958250           1.028000           1.160700           0.752370           0.779950           1.400200           2.947000           3.110600           3.247000           3.571700
  48.600	           3.955400           4.436000           0.906460           0.973590           1.104600           0.742560           0.769840           1.385500           2.932600           3.094400           3.229400           3.550800
  48.800	           3.929400           4.404700           0.856000           0.920780           1.050400           0.733240           0.760230           1.370500           2.917200           3.077000           3.210600           3.528700
  49.000	           3.901800           4.371700           0.806910           0.869630           0.997930           0.724400           0.751100           1.355400           2.900600           3.058600           3.190600           3.505500
  49.200	           3.872800           4.337200           0.759230           0.820160           0.947360           0.716050           0.742470           1.340200           2.882900           3.039000           3.169500           3.481100
  49.400	           3.842300           4.301200           0.713000           0.772430           0.898700           0.708190           0.734320           1.324700           2.864100           3.018300           3.147200           3.455700
  49.600	           3.810500           4.263800           0.668260           0.726440           0.851950           0.700810           0.726660           1.309200           2.844400           2.996600           3.124000           3.429200
  49.800	           3.777400           4.225000           0.625050           0.682230           0.807130           0.693910           0.719490           1.293600           2.823600           2.973800           3.099700           3.401700
  50.000	           3.743000           4.184900           0.583400           0.639820           0.764280           0.687490           0.712790           1.277800           2.802000           2.950100           3.074400           3.373200
  50.200	           3.707500           4.143500           0.543340           0.599230           0.723390           0.681540           0.706580           1.262000           2.779400           2.925500           3.048200           3.343800
  50.400	           3.670800           4.101000           0.504910           0.560480           0.684480           0.676070           0.700840           1.246200           2.755900           2.899900           3.021100           3.313400
  50.600	           3.633100           4.057400           0.468110           0.523600           0.647560           0.671060           0.695560           1.230200           2.731600           2.873500           2.993100           3.282200
  50.800	           3.594300           4.012700           0.432990           0.488580           0.612630           0.666510           0.690750           1.214300           2.706500           2.846300           2.964200           3.250200
  51.000	           3.554600           3.967100           0.399570           0.455460           0.579710           0.662410           0.686390           1.198300           2.680600           2.818300           2.934600           3.217400
  51.200	           3.514100           3.920500           0.367850           0.424220           0.548780           0.658750           0.682480           1.182400           2.654000           2.789600           2.904200           3.183900
  51.400	           3.472700           3.873100           0.337870           0.394890           0.519860           0.655530           0.679010           1.166500           2.626700           2.760100           2.873200           3.149600
  51.600	           3.430500           3.824900           0.309620           0.367460           0.492930           0.652740           0.675960           1.150600           2.598700           2.730000           2.841400           3.114700
  51.800	           3.387600           3.776000           0.283130           0.341930           0.467990           0.650370           0.673350           1.134700           2.570200           2.699300           2.809100           3.079200
  52.000	           3.344100           3.726500           0.258400           0.318320           0.445040           0.648410           0.671140           1.118900           2.541000           2.668000           2.776100           3.043000
  52.200	           3.300000           3.676300           0.235440           0.296600           0.424050           0.646850           0.669340           1.103200           2.511400           2.636100           2.742600           3.006400
  52.400	           3.255400           3.625600           0.214250           0.276780           0.405030           0.645680           0.667920           1.087600           2.481200           2.603800           2.708600           2.969200
  52.600	           3.210300           3.574500           0.194830           0.258840           0.387940           0.644890           0.666890           1.072100           2.450600           2.570900           2.674200           2.931600
  52.800	           3.164700           3.523000           0.177170           0.242780           0.372770           0.644460           0.666230           1.056700           2.419500           2.537700           2.639300           2.893600
  53.000	           3.118800           3.471100           0.161280           0.228580           0.359510           0.644380           0.665920           1.041500           2.388100           2.504100           2.604000           2.855200
  53.200	           3.072700           3.419000           0.147140           0.216220           0.348120           0.644650           0.665960           1.026400           2.356300           2.470100           2.568400           2.816500
  53.400	           3.026200           3.366600           0.134750           0.205690           0.338590           0.645250           0.666330           1.011400           2.324200           2.435800           2.532500           2.777500
  53.600	           2.979600           3.314100           0.124080           0.196960           0.330880           0.646160           0.667020           0.996670           2.291800           2.401200           2.496300           2.738200
  53.800	           2.932800           3.261500           0.115140           0.190010           0.324970           0.647370           0.668010           0.982090           2.259100           2.366400           2.459900           2.698700
  54.000	           2.885900           3.208800           0.107880           0.184820           0.320820           0.648880           0.669290           0.967700           2.226300           2.331400           2.423300           2.659000
  54.200	           2.839000           3.156100           0.102310           0.181350           0.318390           0.650660           0.670860           0.953530           2.193200           2.296300           2.386500           2.619200
  54.400	           2.792000           3.103500           0.098384           0.179580           0.317660           0.652700           0.672680           0.939570           2.160000           2.261000           2.349600           2.579200
  54.600	           2.745200           3.051000           0.096088           0.179470           0.318590           0.654990           0.674760           0.925850           2.126800           2.225600           2.312600           2.539200
  54.800	           2.698400           2.998600           0.095391           0.180980           0.321130           0.657510           0.677070           0.912360           2.093400           2.190100           2.275600           2.499200
  55.000	           2.651700           2.946400           0.096262           0.184090           0.325240           0.660250           0.679590           0.899130           2.059900           2.154600           2.238600           2.459100
  55.200	           2.605200           2.894500           0.098670           0.188750           0.330890           0.663190           0.682330           0.886150           2.026500           2.119100           2.201500           2.419100
  55.400	           2.558900           2.842900           0.102580           0.194930           0.338020           0.666320           0.685260           0.873450           1.993000           2.083600           2.164500           2.379200
  55.600	           2.512900           2.791600           0.107950           0.202570           0.346590           0.669620           0.688360           0.861020           1.959600           2.048200           2.127600           2.339300
  55.800	           2.467200           2.740700           0.114760           0.211640           0.356550           0.673090           0.691620           0.848880           1.926200           2.012900           2.090800           2.299500
  56.000	           2.421800           2.690100           0.122950           0.222090           0.367850           0.676700           0.695030           0.837030           1.893000           1.977600           2.054100           2.260000
  56.200	           2.376800           2.640100           0.132480           0.233870           0.380450           0.680430           0.698570           0.825470           1.859800           1.942500           2.017500           2.220500
  56.400	           2.332100           2.590500           0.143310           0.246940           0.394280           0.684290           0.702230           0.814230           1.826800           1.907600           1.981200           2.181400
  56.600	           2.287900           2.541400           0.155400           0.261240           0.409310           0.688240           0.705990           0.803300           1.793900           1.872900           1.945000           2.142400
  56.800	           2.244200           2.492900           0.168700           0.276730           0.425470           0.692280           0.709830           0.792680           1.761200           1.838400           1.909100           2.103700
  57.000	           2.200900           2.445000           0.183160           0.293350           0.442700           0.696390           0.713750           0.782390           1.728800           1.804100           1.873400           2.065300
  57.200	           2.158100           2.397700           0.198720           0.311050           0.460970           0.700560           0.717730           0.772430           1.696500           1.770100           1.838100           2.027200
  57.400	           2.115900           2.351000           0.215350           0.329770           0.480200           0.704770           0.721760           0.762790           1.664500           1.736300           1.803000           1.989400
  57.600	           2.074200           2.304900           0.232990           0.349470           0.500350           0.709010           0.725810           0.753500           1.632800           1.702900           1.768200           1.952000
  57.800	           2.033100           2.259600           0.251580           0.370070           0.521350           0.713270           0.729880           0.744540           1.601300           1.669800           1.733800           1.915000
  58.000	           1.992600           2.215000           0.271080           0.391540           0.543140           0.717530           0.733950           0.735920           1.570100           1.637000           1.699800           1.878300
  58.200	           1.952800           2.171000           0.291420           0.413800           0.565680           0.721780           0.738020           0.727640           1.539300           1.604500           1.666100           1.842100
  58.400	           1.913500           2.127900           0.312550           0.436810           0.588900           0.726000           0.742060           0.719720           1.508800           1.572500           1.632800           1.806300
  58.600	           1.875000           2.085400           0.334420           0.460500           0.612750           0.730190           0.746070           0.712130           1.478600           1.540800           1.600000           1.771000
  58.800	           1.837100           2.043800           0.356980           0.484820           0.637150           0.734320           0.750020           0.704900           1.448800           1.509500           1.567500           1.736100
  59.000	           1.799800           2.002900           0.380150           0.509710           0.662070           0.738400           0.753920           0.698010           1.419400           1.478700           1.535600           1.701700
  59.200	           1.763300           1.962900           0.403900           0.535120           0.687440           0.742400           0.757740           0.691460           1.390400           1.448200           1.504000           1.667800
  59.400	           1.727500           1.923600           0.428160           0.560970           0.713200           0.746320           0.761490           0.685270           1.361800           1.418200           1.473000           1.634400
  59.600	           1.692400           1.885200           0.452870           0.587220           0.739290           0.750150           0.765130           0.679420           1.333600           1.388700           1.442400           1.601500
  59.800	           1.658000           1.847600           0.477980           0.613810           0.765660           0.753860           0.768670           0.673910           1.305800           1.359600           1.412300           1.569200
  60.000	           1.624400           1.810900           0.503430           0.640680           0.792250           0.757460           0.772100           0.668740           1.278400           1.331000           1.382700           1.537400
