#16N(d,3He)15C(5/2+ 0.74) ELAB= 24.000
#16N(d,3He)15C(1/2+ 0.00) ELAB= 24.000
   Angel	   Ex=0.74(0p1/2)Kx   Ex=0.00(0p1/2)Kx
   0.500	           0.237410           0.386100
   1.000	           0.270610           0.427280
   1.500	           0.325250           0.495020
   2.000	           0.400310           0.587990
   2.500	           0.494410           0.704380
   3.000	           0.605800           0.841940
   3.500	           0.732440           0.998000
   4.000	           0.872030           1.169600
   4.500	           1.022000           1.353400
   5.000	           1.179800           1.546100
   5.500	           1.342400           1.744000
   6.000	           1.507200           1.943500
   6.500	           1.671200           2.141000
   7.000	           1.831700           2.333000
   7.500	           1.986000           2.516100
   8.000	           2.131500           2.687300
   8.500	           2.266100           2.843800
   9.000	           2.387500           2.982900
   9.500	           2.494100           3.102700
  10.000	           2.584300           3.201300
  10.500	           2.657000           3.277500
  11.000	           2.711200           3.330400
  11.500	           2.746500           3.359400
  12.000	           2.762700           3.364700
  12.500	           2.759800           3.346500
  13.000	           2.738400           3.305600
  13.500	           2.699000           3.243000
  14.000	           2.642700           3.160200
  14.500	           2.570600           3.058700
  15.000	           2.484000           2.940500
  15.500	           2.384600           2.807700
  16.000	           2.273900           2.662300
  16.500	           2.153800           2.506800
  17.000	           2.026000           2.343400
  17.500	           1.892300           2.174400
  18.000	           1.754600           2.002000
  18.500	           1.614600           1.828600
  19.000	           1.474100           1.656100
  19.500	           1.334600           1.486600
  20.000	           1.197700           1.321700
  20.500	           1.064900           1.163100
  21.000	           0.937170           1.012200
  21.500	           0.815780           0.870110
  22.000	           0.701600           0.737920
  22.500	           0.595410           0.616360
  23.000	           0.497790           0.505980
  23.500	           0.409180           0.407150
  24.000	           0.329850           0.320010
  24.500	           0.259930           0.244570
  25.000	           0.199410           0.180620
  25.500	           0.148130           0.127840
  26.000	           0.105830           0.085748
  26.500	           0.072145           0.053761
  27.000	           0.046604           0.031195
  27.500	           0.028672           0.017287
  28.000	           0.017747           0.011216
  28.500	           0.013179           0.012117
  29.000	           0.014282           0.019102
  29.500	           0.020352           0.031274
  30.000	           0.030672           0.047741
  30.500	           0.044532           0.067632
  31.000	           0.061231           0.090107
  31.500	           0.080095           0.114370
  32.000	           0.100480           0.139670
  32.500	           0.121770           0.165310
  33.000	           0.143420           0.190680
  33.500	           0.164910           0.215220
  34.000	           0.185770           0.238420
  34.500	           0.205600           0.259890
  35.000	           0.224050           0.279270
  35.500	           0.240830           0.296290
  36.000	           0.255700           0.310730
  36.500	           0.268470           0.322470
  37.000	           0.279020           0.331410
  37.500	           0.287260           0.337530
  38.000	           0.293160           0.340870
  38.500	           0.296720           0.341490
  39.000	           0.298000           0.339520
  39.500	           0.297080           0.335100
  40.000	           0.294060           0.328410
  40.500	           0.289090           0.319670
  41.000	           0.282320           0.309090
  41.500	           0.273930           0.296910
  42.000	           0.264110           0.283370
  42.500	           0.253060           0.268740
  43.000	           0.240970           0.253250
  43.500	           0.228050           0.237150
  44.000	           0.214510           0.220670
  44.500	           0.200540           0.204050
  45.000	           0.186330           0.187480
  45.500	           0.172050           0.171160
  46.000	           0.157880           0.155280
  46.500	           0.143970           0.139990
  47.000	           0.130460           0.125420
  47.500	           0.117470           0.111700
  48.000	           0.105120           0.098921
  48.500	           0.093489           0.087164
  49.000	           0.082661           0.076484
  49.500	           0.072694           0.066920
  50.000	           0.063631           0.058492
  50.500	           0.055500           0.051203
  51.000	           0.048317           0.045040
  51.500	           0.042081           0.039977
  52.000	           0.036781           0.035973
  52.500	           0.032394           0.032979
  53.000	           0.028887           0.030932
  53.500	           0.026217           0.029765
  54.000	           0.024336           0.029403
  54.500	           0.023187           0.029764
  55.000	           0.022708           0.030767
  55.500	           0.022835           0.032326
  56.000	           0.023501           0.034354
  56.500	           0.024636           0.036767
  57.000	           0.026169           0.039480
  57.500	           0.028032           0.042413
  58.000	           0.030156           0.045488
  58.500	           0.032475           0.048633
  59.000	           0.034927           0.051778
  59.500	           0.037451           0.054862
  60.000	           0.039992           0.057828
  60.500	           0.042498           0.060626
  61.000	           0.044923           0.063212
  61.500	           0.047224           0.065549
  62.000	           0.049365           0.067605
  62.500	           0.051314           0.069357
  63.000	           0.053046           0.070786
  63.500	           0.054540           0.071880
  64.000	           0.055778           0.072632
  64.500	           0.056750           0.073042
  65.000	           0.057450           0.073113
  65.500	           0.057874           0.072853
  66.000	           0.058026           0.072276
  66.500	           0.057909           0.071397
  67.000	           0.057534           0.070235
  67.500	           0.056912           0.068812
  68.000	           0.056058           0.067153
  68.500	           0.054988           0.065283
  69.000	           0.053722           0.063230
  69.500	           0.052278           0.061020
  70.000	           0.050679           0.058682
  70.500	           0.048947           0.056245
  71.000	           0.047104           0.053736
  71.500	           0.045172           0.051182
  72.000	           0.043175           0.048610
  72.500	           0.041134           0.046045
  73.000	           0.039071           0.043510
  73.500	           0.037005           0.041026
  74.000	           0.034957           0.038615
  74.500	           0.032945           0.036294
  75.000	           0.030985           0.034079
  75.500	           0.029093           0.031984
  76.000	           0.027282           0.030022
  76.500	           0.025564           0.028201
  77.000	           0.023951           0.026530
  77.500	           0.022449           0.025014
  78.000	           0.021067           0.023656
  78.500	           0.019809           0.022459
  79.000	           0.018680           0.021422
  79.500	           0.017681           0.020544
  80.000	           0.016813           0.019821
  80.500	           0.016075           0.019248
  81.000	           0.015466           0.018820
  81.500	           0.014981           0.018528
  82.000	           0.014617           0.018365
  82.500	           0.014368           0.018322
  83.000	           0.014228           0.018388
  83.500	           0.014189           0.018555
  84.000	           0.014245           0.018809
  84.500	           0.014387           0.019142
  85.000	           0.014606           0.019542
  85.500	           0.014894           0.019996
  86.000	           0.015241           0.020496
  86.500	           0.015638           0.021029
  87.000	           0.016077           0.021584
  87.500	           0.016549           0.022153
  88.000	           0.017044           0.022725
  88.500	           0.017554           0.023291
  89.000	           0.018071           0.023843
  89.500	           0.018587           0.024372
  90.000	           0.019095           0.024871
  90.500	           0.019587           0.025335
  91.000	           0.020059           0.025756
  91.500	           0.020504           0.026131
  92.000	           0.020916           0.026455
  92.500	           0.021292           0.026724
  93.000	           0.021627           0.026936
  93.500	           0.021918           0.027089
  94.000	           0.022163           0.027180
  94.500	           0.022359           0.027210
  95.000	           0.022504           0.027179
  95.500	           0.022599           0.027086
  96.000	           0.022641           0.026934
  96.500	           0.022632           0.026723
  97.000	           0.022571           0.026456
  97.500	           0.022461           0.026134
  98.000	           0.022301           0.025762
  98.500	           0.022095           0.025342
  99.000	           0.021843           0.024878
  99.500	           0.021549           0.024372
 100.000	           0.021215           0.023830
 100.500	           0.020844           0.023255
 101.000	           0.020439           0.022651
 101.500	           0.020003           0.022022
 102.000	           0.019539           0.021372
 102.500	           0.019051           0.020706
 103.000	           0.018543           0.020027
 103.500	           0.018016           0.019340
 104.000	           0.017476           0.018648
 104.500	           0.016926           0.017956
 105.000	           0.016367           0.017265
 105.500	           0.015805           0.016581
 106.000	           0.015241           0.015906
 106.500	           0.014679           0.015242
 107.000	           0.014122           0.014593
 107.500	           0.013571           0.013962
 108.000	           0.013030           0.013349
 108.500	           0.012501           0.012758
 109.000	           0.011986           0.012190
 109.500	           0.011486           0.011647
 110.000	           0.011003           0.011129
 110.500	           0.010539           0.010638
 111.000	           0.010095           0.010175
 111.500	           0.009672           0.009740
 112.000	           0.009272           0.009333
 112.500	           0.008893           0.008955
 113.000	           0.008538           0.008605
 113.500	           0.008206           0.008284
 114.000	           0.007898           0.007991
 114.500	           0.007614           0.007725
 115.000	           0.007353           0.007486
 115.500	           0.007116           0.007273
 116.000	           0.006902           0.007085
 116.500	           0.006710           0.006921
 117.000	           0.006540           0.006780
 117.500	           0.006391           0.006661
 118.000	           0.006262           0.006562
 118.500	           0.006154           0.006483
 119.000	           0.006063           0.006422
 119.500	           0.005991           0.006377
 120.000	           0.005935           0.006348
 120.500	           0.005896           0.006333
 121.000	           0.005870           0.006331
 121.500	           0.005859           0.006340
 122.000	           0.005860           0.006359
 122.500	           0.005872           0.006387
 123.000	           0.005895           0.006422
 123.500	           0.005926           0.006464
 124.000	           0.005966           0.006511
 124.500	           0.006013           0.006562
 125.000	           0.006066           0.006616
 125.500	           0.006124           0.006672
 126.000	           0.006186           0.006729
 126.500	           0.006251           0.006785
 127.000	           0.006319           0.006841
 127.500	           0.006387           0.006896
 128.000	           0.006455           0.006947
 128.500	           0.006524           0.006996
 129.000	           0.006590           0.007041
 129.500	           0.006655           0.007081
 130.000	           0.006717           0.007116
 130.500	           0.006776           0.007146
 131.000	           0.006831           0.007170
 131.500	           0.006881           0.007188
 132.000	           0.006926           0.007199
 132.500	           0.006965           0.007203
 133.000	           0.006998           0.007200
 133.500	           0.007025           0.007189
 134.000	           0.007045           0.007171
 134.500	           0.007058           0.007146
 135.000	           0.007064           0.007113
 135.500	           0.007062           0.007072
 136.000	           0.007052           0.007024
 136.500	           0.007035           0.006969
 137.000	           0.007010           0.006906
 137.500	           0.006978           0.006835
 138.000	           0.006937           0.006758
 138.500	           0.006889           0.006674
 139.000	           0.006833           0.006583
 139.500	           0.006770           0.006487
 140.000	           0.006700           0.006384
 140.500	           0.006623           0.006276
 141.000	           0.006540           0.006162
 141.500	           0.006450           0.006044
 142.000	           0.006355           0.005922
 142.500	           0.006254           0.005796
 143.000	           0.006149           0.005667
 143.500	           0.006039           0.005535
 144.000	           0.005925           0.005401
 144.500	           0.005808           0.005265
 145.000	           0.005689           0.005128
 145.500	           0.005567           0.004990
 146.000	           0.005444           0.004853
 146.500	           0.005320           0.004716
 147.000	           0.005196           0.004580
 147.500	           0.005072           0.004446
 148.000	           0.004950           0.004314
 148.500	           0.004829           0.004186
 149.000	           0.004711           0.004061
 149.500	           0.004595           0.003940
 150.000	           0.004483           0.003823
 150.500	           0.004375           0.003712
 151.000	           0.004272           0.003606
 151.500	           0.004174           0.003506
 152.000	           0.004082           0.003412
 152.500	           0.003996           0.003325
 153.000	           0.003917           0.003246
 153.500	           0.003845           0.003173
 154.000	           0.003780           0.003109
 154.500	           0.003723           0.003052
 155.000	           0.003674           0.003004
 155.500	           0.003633           0.002964
 156.000	           0.003600           0.002932
 156.500	           0.003576           0.002909
 157.000	           0.003561           0.002895
 157.500	           0.003554           0.002889
 158.000	           0.003556           0.002891
 158.500	           0.003566           0.002902
 159.000	           0.003585           0.002921
 159.500	           0.003612           0.002948
 160.000	           0.003647           0.002983
 160.500	           0.003690           0.003025
 161.000	           0.003740           0.003075
 161.500	           0.003798           0.003132
 162.000	           0.003862           0.003195
 162.500	           0.003933           0.003264
 163.000	           0.004009           0.003339
 163.500	           0.004092           0.003420
 164.000	           0.004179           0.003505
 164.500	           0.004271           0.003595
 165.000	           0.004367           0.003688
 165.500	           0.004467           0.003785
 166.000	           0.004569           0.003885
 166.500	           0.004674           0.003987
 167.000	           0.004782           0.004091
 167.500	           0.004890           0.004197
 168.000	           0.004999           0.004303
 168.500	           0.005109           0.004409
 169.000	           0.005218           0.004515
 169.500	           0.005326           0.004620
 170.000	           0.005434           0.004724
 170.500	           0.005539           0.004827
 171.000	           0.005642           0.004927
 171.500	           0.005743           0.005024
 172.000	           0.005840           0.005118
 172.500	           0.005933           0.005209
 173.000	           0.006023           0.005295
 173.500	           0.006108           0.005378
 174.000	           0.006188           0.005456
 174.500	           0.006263           0.005528
 175.000	           0.006333           0.005596
 175.500	           0.006397           0.005658
 176.000	           0.006455           0.005714
 176.500	           0.006506           0.005764
 177.000	           0.006551           0.005808
 177.500	           0.006590           0.005845
 178.000	           0.006621           0.005876
 178.500	           0.006646           0.005900
 179.000	           0.006664           0.005917
 179.500	           0.006675           0.005927
 180.000	           0.006678           0.005931
